$ 1 0.000005 12.050203812241895 89 5 50
v 144 224 144 80 0 1 10 2 0 0 0.5
g 144 224 144 272 0 0
w 144 80 240 80 0
O 736 48 784 48 0 0
a 240 64 352 64 8 15 -15 1000000 -1.5814488022703321 -1.5814646167583548 100000
a 576 48 656 48 8 15 -15 1000000 -1.1956672049325632 -1.1956791616046125 100000
w 352 64 352 0 0
w 352 0 208 0 0
w 208 0 208 48 0
w 208 48 240 48 0
w 352 64 384 64 0
w 512 64 576 64 0
c 480 96 480 144 2 2.5000000000000004e-7 -1.1956791616046125 0.001
g 480 208 480 224 0 0
w 672 0 560 0 0
w 560 0 560 32 0
w 560 32 576 32 0
w 480 144 480 208 0
f 400 160 400 64 8 3 0.02
w 416 64 448 64 0
R 400 208 400 256 0 2 100 10 0 0 0.02
w 400 208 400 160 0
w 672 0 672 48 0
w 672 48 656 48 0
w 672 48 736 48 0
w 480 96 480 64 0
w 448 64 480 64 0
w 480 64 512 64 0
o 20 64 0 4099 40 0.00009765625 0 2 20 3
o 0 64 0 12291 2 0.0001 1 4 0 3 24 0 24 3

